pin 10 %coolant
cool

pin 11 %inner core bottom
infuelbot 0.3236
clad 0.3857
cool 

pin 12 %outer core bottom
outfuelbot 0.3236
clad 0.3857
cool 

pin 13 %reflector
refl  0.7557
cool

pin 14 %shielding
absonat 1.4277
clad    1.6794
cool

pin 15 %control
abso 2.2890
clad 2.3606
cool 

pin 21 %inner core2
infuel2 0.3236
clad 0.3857
cool 

pin 22 %outer core2
outfuel2 0.3236
clad 0.3857
cool 

pin 31 %inner core3
infuel3 0.3236
clad 0.3857
cool 

pin 32 %outer core3
outfuel3 0.3236
clad 0.3857
cool

pin 41 %inner core4
infuel4 0.3236
clad 0.3857
cool 
 
pin 42 %outer core4
outfuel4 0.3236
clad 0.3857
cool 

pin 51 %inner core top
infueltop 0.3236
clad 0.3857
cool 

pin 52 %outer core top
outfueltop 0.3236
clad 0.3857
cool 

%----assembly

lat 17 3 0 0 21 21 0.938021 %bottom inner fuel subassembly, fuel pin pitch = 1.042245536cm
10 10 10 10 10 10 10 10 10 10 10 10 10 10 10 10 10 10 10 10 10 
 10 10 10 10 10 10 10 10 10 10 11 11 11 11 11 11 11 11 11 11 10
  10 10 10 10 10 10 10 10 10 11 11 11 11 11 11 11 11 11 11 11 10
   10 10 10 10 10 10 10 10 11 11 11 11 11 11 11 11 11 11 11 11 10
    10 10 10 10 10 10 10 11 11 11 11 11 11 11 11 11 11 11 11 11 10
	 10 10 10 10 10 10 11 11 11 11 11 11 11 11 11 11 11 11 11 11 10
	  10 10 10 10 10 11 11 11 11 11 11 11 11 11 11 11 11 11 11 11 10
	   10 10 10 10 11 11 11 11 11 11 11 11 11 11 11 11 11 11 11 11 10
	    10 10 10 11 11 11 11 11 11 11 11 11 11 11 11 11 11 11 11 11 10
		 10 10 11 11 11 11 11 11 11 11 11 11 11 11 11 11 11 11 11 11 10
		  10 11 11 11 11 11 11 11 11 11 11 11 11 11 11 11 11 11 11 11 10 
		   10 11 11 11 11 11 11 11 11 11 11 11 11 11 11 11 11 11 11 10 10
		    10 11 11 11 11 11 11 11 11 11 11 11 11 11 11 11 11 11 10 10 10
			 10 11 11 11 11 11 11 11 11 11 11 11 11 11 11 11 11 10 10 10 10
			  10 11 11 11 11 11 11 11 11 11 11 11 11 11 11 11 10 10 10 10 10
			   10 11 11 11 11 11 11 11 11 11 11 11 11 11 11 10 10 10 10 10 10
			    10 11 11 11 11 11 11 11 11 11 11 11 11 11 10 10 10 10 10 10 10
				 10 11 11 11 11 11 11 11 11 11 11 11 11 10 10 10 10 10 10 10 10
				  10 11 11 11 11 11 11 11 11 11 11 11 10 10 10 10 10 10 10 10 10
				   10 11 11 11 11 11 11 11 11 11 11 10 10 10 10 10 10 10 10 10 10
				    10 10 10 10 10 10 10 10 10 10 10 10 10 10 10 10 10 10 10 10 10
					
%trans 17 0 0 0 0 0 1.57080 %rotate lattice Pi/2 rad

lat 27 3 0 0 21 21 0.938021 %second inner fuel subassembly, fuel pin pitch = 1.042245536cm
10 10 10 10 10 10 10 10 10 10 10 10 10 10 10 10 10 10 10 10 10 
 10 10 10 10 10 10 10 10 10 10 21 21 21 21 21 21 21 21 21 21 10
  10 10 10 10 10 10 10 10 10 21 21 21 21 21 21 21 21 21 21 21 10
   10 10 10 10 10 10 10 10 21 21 21 21 21 21 21 21 21 21 21 21 10
    10 10 10 10 10 10 10 21 21 21 21 21 21 21 21 21 21 21 21 21 10
	 10 10 10 10 10 10 21 21 21 21 21 21 21 21 21 21 21 21 21 21 10
	  10 10 10 10 10 21 21 21 21 21 21 21 21 21 21 21 21 21 21 21 10
	   10 10 10 10 21 21 21 21 21 21 21 21 21 21 21 21 21 21 21 21 10
	    10 10 10 21 21 21 21 21 21 21 21 21 21 21 21 21 21 21 21 21 10
		 10 10 21 21 21 21 21 21 21 21 21 21 21 21 21 21 21 21 21 21 10
		  10 21 21 21 21 21 21 21 21 21 21 21 21 21 21 21 21 21 21 21 10 
		   10 21 21 21 21 21 21 21 21 21 21 21 21 21 21 21 21 21 21 10 10
		    10 21 21 21 21 21 21 21 21 21 21 21 21 21 21 21 21 21 10 10 10
			 10 21 21 21 21 21 21 21 21 21 21 21 21 21 21 21 21 10 10 10 10
			  10 21 21 21 21 21 21 21 21 21 21 21 21 21 21 21 10 10 10 10 10
			   10 21 21 21 21 21 21 21 21 21 21 21 21 21 21 10 10 10 10 10 10
			    10 21 21 21 21 21 21 21 21 21 21 21 21 21 10 10 10 10 10 10 10
				 10 21 21 21 21 21 21 21 21 21 21 21 21 10 10 10 10 10 10 10 10
				  10 21 21 21 21 21 21 21 21 21 21 21 10 10 10 10 10 10 10 10 10
				   10 21 21 21 21 21 21 21 21 21 21 10 10 10 10 10 10 10 10 10 10
				    10 10 10 10 10 10 10 10 10 10 10 10 10 10 10 10 10 10 10 10 10

%trans 27 0 0 0 0 0 1.57080 %rotate the subassembly Pi/2
		  
lat 37 3 0 0 21 21 0.938021 %third inner fuel subassembly, fuel pin pitch = 1.042245536cm
10 10 10 10 10 10 10 10 10 10 10 10 10 10 10 10 10 10 10 10 10 
 10 10 10 10 10 10 10 10 10 10 31 31 31 31 31 31 31 31 31 31 10
  10 10 10 10 10 10 10 10 10 31 31 31 31 31 31 31 31 31 31 31 10
   10 10 10 10 10 10 10 10 31 31 31 31 31 31 31 31 31 31 31 31 10
    10 10 10 10 10 10 10 31 31 31 31 31 31 31 31 31 31 31 31 31 10
	 10 10 10 10 10 10 31 31 31 31 31 31 31 31 31 31 31 31 31 31 10
	  10 10 10 10 10 31 31 31 31 31 31 31 31 31 31 31 31 31 31 31 10
	   10 10 10 10 31 31 31 31 31 31 31 31 31 31 31 31 31 31 31 31 10
	    10 10 10 31 31 31 31 31 31 31 31 31 31 31 31 31 31 31 31 31 10
		 10 10 31 31 31 31 31 31 31 31 31 31 31 31 31 31 31 31 31 31 10
		  10 31 31 31 31 31 31 31 31 31 31 31 31 31 31 31 31 31 31 31 10 
		   10 31 31 31 31 31 31 31 31 31 31 31 31 31 31 31 31 31 31 10 10
		    10 31 31 31 31 31 31 31 31 31 31 31 31 31 31 31 31 31 10 10 10
			 10 31 31 31 31 31 31 31 31 31 31 31 31 31 31 31 31 10 10 10 10
			  10 31 31 31 31 31 31 31 31 31 31 31 31 31 31 31 10 10 10 10 10
			   10 31 31 31 31 31 31 31 31 31 31 31 31 31 31 10 10 10 10 10 10
			    10 31 31 31 31 31 31 31 31 31 31 31 31 31 10 10 10 10 10 10 10
				 10 31 31 31 31 31 31 31 31 31 31 31 31 10 10 10 10 10 10 10 10
				  10 31 31 31 31 31 31 31 31 31 31 31 10 10 10 10 10 10 10 10 10
				   10 31 31 31 31 31 31 31 31 31 31 10 10 10 10 10 10 10 10 10 10
				    10 10 10 10 10 10 10 10 10 10 10 10 10 10 10 10 10 10 10 10 10

%trans 37 0 0 0 0 0 1.57080 %rotate the subassembly Pi/2
					
lat 47 3 0 0 21 21 0.938021 %fourth inner fuel subassembly, fuel pin pitch = 1.042245536cm
10 10 10 10 10 10 10 10 10 10 10 10 10 10 10 10 10 10 10 10 10 
 10 10 10 10 10 10 10 10 10 10 41 41 41 41 41 41 41 41 41 41 10
  10 10 10 10 10 10 10 10 10 41 41 41 41 41 41 41 41 41 41 41 10
   10 10 10 10 10 10 10 10 41 41 41 41 41 41 41 41 41 41 41 41 10
    10 10 10 10 10 10 10 41 41 41 41 41 41 41 41 41 41 41 41 41 10
	 10 10 10 10 10 10 41 41 41 41 41 41 41 41 41 41 41 41 41 41 10
	  10 10 10 10 10 41 41 41 41 41 41 41 41 41 41 41 41 41 41 41 10
	   10 10 10 10 41 41 41 41 41 41 41 41 41 41 41 41 41 41 41 41 10
	    10 10 10 41 41 41 41 41 41 41 41 41 41 41 41 41 41 41 41 41 10
		 10 10 41 41 41 41 41 41 41 41 41 41 41 41 41 41 41 41 41 41 10
		  10 41 41 41 41 41 41 41 41 41 41 41 41 41 41 41 41 41 41 41 10 
		   10 41 41 41 41 41 41 41 41 41 41 41 41 41 41 41 41 41 41 10 10
		    10 41 41 41 41 41 41 41 41 41 41 41 41 41 41 41 41 41 10 10 10
			 10 41 41 41 41 41 41 41 41 41 41 41 41 41 41 41 41 10 10 10 10
			  10 41 41 41 41 41 41 41 41 41 41 41 41 41 41 41 10 10 10 10 10
			   10 41 41 41 41 41 41 41 41 41 41 41 41 41 41 10 10 10 10 10 10
			    10 41 41 41 41 41 41 41 41 41 41 41 41 41 10 10 10 10 10 10 10
				 10 41 41 41 41 41 41 41 41 41 41 41 41 10 10 10 10 10 10 10 10
				  10 41 41 41 41 41 41 41 41 41 41 41 10 10 10 10 10 10 10 10 10
				   10 41 41 41 41 41 41 41 41 41 41 10 10 10 10 10 10 10 10 10 10
				    10 10 10 10 10 10 10 10 10 10 10 10 10 10 10 10 10 10 10 10 10

%trans 47 0 0 0 0 0 1.57080 %rotate the subassembly Pi/2
					
lat 57 3 0 0 21 21 0.938021 %top inner fuel subassembly, fuel pin pitch = 1.042245536cm
10 10 10 10 10 10 10 10 10 10 10 10 10 10 10 10 10 10 10 10 10 
 10 10 10 10 10 10 10 10 10 10 51 51 51 51 51 51 51 51 51 51 10
  10 10 10 10 10 10 10 10 10 51 51 51 51 51 51 51 51 51 51 51 10
   10 10 10 10 10 10 10 10 51 51 51 51 51 51 51 51 51 51 51 51 10
    10 10 10 10 10 10 10 51 51 51 51 51 51 51 51 51 51 51 51 51 10
	 10 10 10 10 10 10 51 51 51 51 51 51 51 51 51 51 51 51 51 51 10
	  10 10 10 10 10 51 51 51 51 51 51 51 51 51 51 51 51 51 51 51 10
	   10 10 10 10 51 51 51 51 51 51 51 51 51 51 51 51 51 51 51 51 10
	    10 10 10 51 51 51 51 51 51 51 51 51 51 51 51 51 51 51 51 51 10
		 10 10 51 51 51 51 51 51 51 51 51 51 51 51 51 51 51 51 51 51 10
		  10 51 51 51 51 51 51 51 51 51 51 51 51 51 51 51 51 51 51 51 10 
		   10 51 51 51 51 51 51 51 51 51 51 51 51 51 51 51 51 51 51 10 10
		    10 51 51 51 51 51 51 51 51 51 51 51 51 51 51 51 51 51 10 10 10
			 10 51 51 51 51 51 51 51 51 51 51 51 51 51 51 51 51 10 10 10 10
			  10 51 51 51 51 51 51 51 51 51 51 51 51 51 51 51 10 10 10 10 10
			   10 51 51 51 51 51 51 51 51 51 51 51 51 51 51 10 10 10 10 10 10
			    10 51 51 51 51 51 51 51 51 51 51 51 51 51 10 10 10 10 10 10 10
				 10 51 51 51 51 51 51 51 51 51 51 51 51 10 10 10 10 10 10 10 10
				  10 51 51 51 51 51 51 51 51 51 51 51 10 10 10 10 10 10 10 10 10
				   10 51 51 51 51 51 51 51 51 51 51 10 10 10 10 10 10 10 10 10 10
				    10 10 10 10 10 10 10 10 10 10 10 10 10 10 10 10 10 10 10 10 10

%trans 57 0 0 0 0 0 1.57080 %rotate the subassembly Pi/2
					
lat 18 3 0 0 21 21 0.938021 %bottom outer fuel subassembly, fuel pin pitch = 1.042245536cm
10 10 10 10 10 10 10 10 10 10 10 10 10 10 10 10 10 10 10 10 10 
 10 10 10 10 10 10 10 10 10 10 12 12 12 12 12 12 12 12 12 12 10
  10 10 10 10 10 10 10 10 10 12 12 12 12 12 12 12 12 12 12 12 10
   10 10 10 10 10 10 10 10 12 12 12 12 12 12 12 12 12 12 12 12 10
    10 10 10 10 10 10 10 12 12 12 12 12 12 12 12 12 12 12 12 12 10
	 10 10 10 10 10 10 12 12 12 12 12 12 12 12 12 12 12 12 12 12 10
	  10 10 10 10 10 12 12 12 12 12 12 12 12 12 12 12 12 12 12 12 10
	   10 10 10 10 12 12 12 12 12 12 12 12 12 12 12 12 12 12 12 12 10
	    10 10 10 12 12 12 12 12 12 12 12 12 12 12 12 12 12 12 12 12 10
		 10 10 12 12 12 12 12 12 12 12 12 12 12 12 12 12 12 12 12 12 10
		  10 12 12 12 12 12 12 12 12 12 12 12 12 12 12 12 12 12 12 12 10 
		   10 12 12 12 12 12 12 12 12 12 12 12 12 12 12 12 12 12 12 10 10
		    10 12 12 12 12 12 12 12 12 12 12 12 12 12 12 12 12 12 10 10 10
			 10 12 12 12 12 12 12 12 12 12 12 12 12 12 12 12 12 10 10 10 10
			  10 12 12 12 12 12 12 12 12 12 12 12 12 12 12 12 10 10 10 10 10
			   10 12 12 12 12 12 12 12 12 12 12 12 12 12 12 10 10 10 10 10 10
			    10 12 12 12 12 12 12 12 12 12 12 12 12 12 10 10 10 10 10 10 10
				 10 12 12 12 12 12 12 12 12 12 12 12 12 10 10 10 10 10 10 10 10
				  10 12 12 12 12 12 12 12 12 12 12 12 10 10 10 10 10 10 10 10 10
				   10 12 12 12 12 12 12 12 12 12 12 10 10 10 10 10 10 10 10 10 10
				    10 10 10 10 10 10 10 10 10 10 10 10 10 10 10 10 10 10 10 10 10

%trans 18 0 0 0 0 0 1.57080 %rotate the subassembly Pi/2

lat 28 3 0 0 21 21 0.938021 %second outer fuel subassembly, fuel pin pitch = 1.042245536cm
10 10 10 10 10 10 10 10 10 10 10 10 10 10 10 10 10 10 10 10 10 
 10 10 10 10 10 10 10 10 10 10 22 22 22 22 22 22 22 22 22 22 10
  10 10 10 10 10 10 10 10 10 22 22 22 22 22 22 22 22 22 22 22 10
   10 10 10 10 10 10 10 10 22 22 22 22 22 22 22 22 22 22 22 22 10
    10 10 10 10 10 10 10 22 22 22 22 22 22 22 22 22 22 22 22 22 10
	 10 10 10 10 10 10 22 22 22 22 22 22 22 22 22 22 22 22 22 22 10
	  10 10 10 10 10 22 22 22 22 22 22 22 22 22 22 22 22 22 22 22 10
	   10 10 10 10 22 22 22 22 22 22 22 22 22 22 22 22 22 22 22 22 10
	    10 10 10 22 22 22 22 22 22 22 22 22 22 22 22 22 22 22 22 22 10
		 10 10 22 22 22 22 22 22 22 22 22 22 22 22 22 22 22 22 22 22 10
		  10 22 22 22 22 22 22 22 22 22 22 22 22 22 22 22 22 22 22 22 10 
		   10 22 22 22 22 22 22 22 22 22 22 22 22 22 22 22 22 22 22 10 10
		    10 22 22 22 22 22 22 22 22 22 22 22 22 22 22 22 22 22 10 10 10
			 10 22 22 22 22 22 22 22 22 22 22 22 22 22 22 22 22 10 10 10 10
			  10 22 22 22 22 22 22 22 22 22 22 22 22 22 22 22 10 10 10 10 10
			   10 22 22 22 22 22 22 22 22 22 22 22 22 22 22 10 10 10 10 10 10
			    10 22 22 22 22 22 22 22 22 22 22 22 22 22 10 10 10 10 10 10 10
				 10 22 22 22 22 22 22 22 22 22 22 22 22 10 10 10 10 10 10 10 10
				  10 22 22 22 22 22 22 22 22 22 22 22 10 10 10 10 10 10 10 10 10
				   10 22 22 22 22 22 22 22 22 22 22 10 10 10 10 10 10 10 10 10 10
				    10 10 10 10 10 10 10 10 10 10 10 10 10 10 10 10 10 10 10 10 10

%trans 28 0 0 0 0 0 1.57080 %rotate the subassembly Pi/2					
					
lat 38 3 0 0 21 21 0.938021 %third outer fuel subassembly, fuel pin pitch = 1.042245536cm
10 10 10 10 10 10 10 10 10 10 10 10 10 10 10 10 10 10 10 10 10 
 10 10 10 10 10 10 10 10 10 10 32 32 32 32 32 32 32 32 32 32 10
  10 10 10 10 10 10 10 10 10 32 32 32 32 32 32 32 32 32 32 32 10
   10 10 10 10 10 10 10 10 32 32 32 32 32 32 32 32 32 32 32 32 10
    10 10 10 10 10 10 10 32 32 32 32 32 32 32 32 32 32 32 32 32 10
	 10 10 10 10 10 10 32 32 32 32 32 32 32 32 32 32 32 32 32 32 10
	  10 10 10 10 10 32 32 32 32 32 32 32 32 32 32 32 32 32 32 32 10
	   10 10 10 10 32 32 32 32 32 32 32 32 32 32 32 32 32 32 32 32 10
	    10 10 10 32 32 32 32 32 32 32 32 32 32 32 32 32 32 32 32 32 10
		 10 10 32 32 32 32 32 32 32 32 32 32 32 32 32 32 32 32 32 32 10
		  10 32 32 32 32 32 32 32 32 32 32 32 32 32 32 32 32 32 32 32 10 
		   10 32 32 32 32 32 32 32 32 32 32 32 32 32 32 32 32 32 32 10 10
		    10 32 32 32 32 32 32 32 32 32 32 32 32 32 32 32 32 32 10 10 10
			 10 32 32 32 32 32 32 32 32 32 32 32 32 32 32 32 32 10 10 10 10
			  10 32 32 32 32 32 32 32 32 32 32 32 32 32 32 32 10 10 10 10 10
			   10 32 32 32 32 32 32 32 32 32 32 32 32 32 32 10 10 10 10 10 10
			    10 32 32 32 32 32 32 32 32 32 32 32 32 32 10 10 10 10 10 10 10
				 10 32 32 32 32 32 32 32 32 32 32 32 32 10 10 10 10 10 10 10 10
				  10 32 32 32 32 32 32 32 32 32 32 32 10 10 10 10 10 10 10 10 10
				   10 32 32 32 32 32 32 32 32 32 32 10 10 10 10 10 10 10 10 10 10
				    10 10 10 10 10 10 10 10 10 10 10 10 10 10 10 10 10 10 10 10 10

%trans 38 0 0 0 0 0 1.57080 %rotate the subassembly Pi/2					
					
lat 48 3 0 0 21 21 0.938021 %fourth outer fuel subassembly, fuel pin pitch = 1.042245536cm
10 10 10 10 10 10 10 10 10 10 10 10 10 10 10 10 10 10 10 10 10 
 10 10 10 10 10 10 10 10 10 10 42 42 42 42 42 42 42 42 42 42 10
  10 10 10 10 10 10 10 10 10 42 42 42 42 42 42 42 42 42 42 42 10
   10 10 10 10 10 10 10 10 42 42 42 42 42 42 42 42 42 42 42 42 10
    10 10 10 10 10 10 10 42 42 42 42 42 42 42 42 42 42 42 42 42 10
	 10 10 10 10 10 10 42 42 42 42 42 42 42 42 42 42 42 42 42 42 10
	  10 10 10 10 10 42 42 42 42 42 42 42 42 42 42 42 42 42 42 42 10
	   10 10 10 10 42 42 42 42 42 42 42 42 42 42 42 42 42 42 42 42 10
	    10 10 10 42 42 42 42 42 42 42 42 42 42 42 42 42 42 42 42 42 10
		 10 10 42 42 42 42 42 42 42 42 42 42 42 42 42 42 42 42 42 42 10
		  10 42 42 42 42 42 42 42 42 42 42 42 42 42 42 42 42 42 42 42 10 
		   10 42 42 42 42 42 42 42 42 42 42 42 42 42 42 42 42 42 42 10 10
		    10 42 42 42 42 42 42 42 42 42 42 42 42 42 42 42 42 42 10 10 10
			 10 42 42 42 42 42 42 42 42 42 42 42 42 42 42 42 42 10 10 10 10
			  10 42 42 42 42 42 42 42 42 42 42 42 42 42 42 42 10 10 10 10 10
			   10 42 42 42 42 42 42 42 42 42 42 42 42 42 42 10 10 10 10 10 10
			    10 42 42 42 42 42 42 42 42 42 42 42 42 42 10 10 10 10 10 10 10
				 10 42 42 42 42 42 42 42 42 42 42 42 42 10 10 10 10 10 10 10 10
				  10 42 42 42 42 42 42 42 42 42 42 42 10 10 10 10 10 10 10 10 10
				   10 42 42 42 42 42 42 42 42 42 42 10 10 10 10 10 10 10 10 10 10
				    10 10 10 10 10 10 10 10 10 10 10 10 10 10 10 10 10 10 10 10 10

%trans 48 0 0 0 0 0 1.57080 %rotate the subassembly Pi/2	
	
lat 58 3 0 0 21 21 0.938021 %top outer fuel subassembly, fuel pin pitch = 1.042245536cm
10 10 10 10 10 10 10 10 10 10 10 10 10 10 10 10 10 10 10 10 10 
 10 10 10 10 10 10 10 10 10 10 52 52 52 52 52 52 52 52 52 52 10
  10 10 10 10 10 10 10 10 10 52 52 52 52 52 52 52 52 52 52 52 10
   10 10 10 10 10 10 10 10 52 52 52 52 52 52 52 52 52 52 52 52 10
    10 10 10 10 10 10 10 52 52 52 52 52 52 52 52 52 52 52 52 52 10
	 10 10 10 10 10 10 52 52 52 52 52 52 52 52 52 52 52 52 52 52 10
	  10 10 10 10 10 52 52 52 52 52 52 52 52 52 52 52 52 52 52 52 10
	   10 10 10 10 52 52 52 52 52 52 52 52 52 52 52 52 52 52 52 52 10
	    10 10 10 52 52 52 52 52 52 52 52 52 52 52 52 52 52 52 52 52 10
		 10 10 52 52 52 52 52 52 52 52 52 52 52 52 52 52 52 52 52 52 10
		  10 52 52 52 52 52 52 52 52 52 52 52 52 52 52 52 52 52 52 52 10 
		   10 52 52 52 52 52 52 52 52 52 52 52 52 52 52 52 52 52 52 10 10
		    10 52 52 52 52 52 52 52 52 52 52 52 52 52 52 52 52 52 10 10 10
			 10 52 52 52 52 52 52 52 52 52 52 52 52 52 52 52 52 10 10 10 10
			  10 52 52 52 52 52 52 52 52 52 52 52 52 52 52 52 10 10 10 10 10
			   10 52 52 52 52 52 52 52 52 52 52 52 52 52 52 10 10 10 10 10 10
			    10 52 52 52 52 52 52 52 52 52 52 52 52 52 10 10 10 10 10 10 10
				 10 52 52 52 52 52 52 52 52 52 52 52 52 10 10 10 10 10 10 10 10
				  10 52 52 52 52 52 52 52 52 52 52 52 10 10 10 10 10 10 10 10 10
				   10 52 52 52 52 52 52 52 52 52 52 10 10 10 10 10 10 10 10 10 10
				    10 10 10 10 10 10 10 10 10 10 10 10 10 10 10 10 10 10 10 10 10

%trans 58 0 0 0 0 0 1.57080 %rotate the subassembly Pi/2					
					
lat 23 3 0 0 13 13 1.56337 %reflector subassembly pin pitch = 1.9 cm
10 10 10 10 10 10 10 10 10 10 10 10 10
 10 10 10 10 10 10 13 13 13 13 13 13 10
  10 10 10 10 10 13 13 13 13 13 13 13 10
   10 10 10 10 13 13 13 13 13 13 13 13 10  
    10 10 10 13 13 13 13 13 13 13 13 13 10 
	 10 10 13 13 13 13 13 13 13 13 13 13 10 
	  10 13 13 13 13 13 13 13 13 13 13 13 10
	   10 13 13 13 13 13 13 13 13 13 13 10 10
	    10 13 13 13 13 13 13 13 13 13 10 10 10
		 10 13 13 13 13 13 13 13 13 10 10 10 10
		  10 13 13 13 13 13 13 13 10 10 10 10 10 
		   10 13 13 13 13 13 13 10 10 10 10 10 10 
		    10 10 10 10 10 10 10 10 10 10 10 10 10

%trans 23 0 0 0 0 0 1.57080 %rotate the subassembly Pi/2			
			
lat 24 3 0 0 7 7 3.12674 %shielding subassembly pin pitch = 4.7cm
10 10 10 10 10 10 10 
 10 10 10 14 14 14 10 
  10 10 14 14 14 14 10 
   10 14 14 14 14 14 10
    10 14 14 14 14 10 10
 	 10 14 14 14 10 10 10
	  10 10 10 10 10 10 10 

%trans 24 0 0 0 0 0 1.57080 %rotate the subassembly Pi/2	  
	  
lat 25 3 0 0 5 5 4.690105 %control subassembly pin pitch = 1.9cm
10 10 10 10 10
 10 10 15 15 10
  10 15 15 15 10
   10 15 15 10 10 
    10 10 10 10 10 

%trans 25 0 0 42.91 % raise the subassembly 42.91 cm
	
lat 1 2 0 0 25 25 16.2471 %bottom lattice
10 10 10 10 10 10 10 10 10 10 10 10 10 10 10 10 10 10 10 10 10 10 10 10 10 
 10 10 10 10 10 10 10 10 10 10 10 10 10 10 24 24 24 24 24 24 24 24 10 10 10 
  10 10 10 10 10 10 10 10 10 10 10 10 24 24 23 23 23 23 23 23 23 24 24 10 10
   10 10 10 10 10 10 10 10 10 10 24 24 23 23 23 23 23 23 23 23 23 23 24 24 10 
    10 10 10 10 10 10 10 10 10 24 23 23 23 23 18 18 18 18 18 23 23 23 23 24 10
     10 10 10 10 10 10 10 10 24 23 23 23 18 18 18 18 18 18 18 18 23 23 23 24 10 
      10 10 10 10 10 10 10 24 23 23 18 18 25 18 18 25 18 18 25 18 18 23 23 24 10
       10 10 10 10 10 10 24 23 23 18 18 18 18 17 17 17 17 18 18 18 18 23 23 24 10
        10 10 10 10 10 24 23 23 18 18 18 17 17 17 17 17 17 17 18 18 18 23 23 24 10 
         10 10 10 10 24 23 23 18 18 25 17 17 25 17 17 25 17 17 25 18 18 23 23 24 10
          10 10 10 24 23 23 18 18 18 17 17 17 17 17 17 17 17 17 18 18 18 23 23 24 10
           10 10 10 24 23 23 18 18 17 17 17 17 17 17 17 17 17 17 18 18 23 23 24 10 10
            10 10 24 23 23 18 25 18 17 25 17 17 25 17 17 25 17 18 25 18 23 23 24 10 10
	         10 10 24 23 23 18 18 17 17 17 17 17 17 17 17 17 17 18 18 23 23 24 10 10 10
	          10 24 23 23 18 18 18 17 17 17 17 17 17 17 17 17 18 18 18 23 23 24 10 10 10
	           10 24 23 23 18 18 25 17 17 25 17 17 25 17 17 25 18 18 23 23 24 10 10 10 10
	            10 24 23 23 18 18 18 17 17 17 17 17 17 17 18 18 18 23 23 24 10 10 10 10 10
		         10 24 23 23 18 18 18 18 17 17 17 17 18 18 18 18 23 23 24 10 10 10 10 10 10
		          10 24 23 23 18 18 25 18 18 25 18 18 25 18 18 23 23 24 10 10 10 10 10 10 10
		           10 24 23 23 23 18 18 18 18 18 18 18 18 23 23 23 24 10 10 10 10 10 10 10 10
		            10 24 23 23 23 23 18 18 18 18 18 23 23 23 23 24 10 10 10 10 10 10 10 10 10
        	         10 24 24 23 23 23 23 23 23 23 23 23 23 24 24 10 10 10 10 10 10 10 10 10 10
   		              10 10 24 24 23 23 23 23 23 23 23 24 24 10 10 10 10 10 10 10 10 10 10 10 10
		               10 10 10 24 24 24 24 24 24 24 24 10 10 10 10 10 10 10 10 10 10 10 10 10 10
		                10 10 10 10 10 10 10 10 10 10 10 10 10 10 10 10 10 10 10 10 10 10 10 10 10

lat 2 2 0 0 25 25 16.2471 %layer 2 lattice
10 10 10 10 10 10 10 10 10 10 10 10 10 10 10 10 10 10 10 10 10 10 10 10 10 
 10 10 10 10 10 10 10 10 10 10 10 10 10 10 24 24 24 24 24 24 24 24 10 10 10 
  10 10 10 10 10 10 10 10 10 10 10 10 24 24 23 23 23 23 23 23 23 24 24 10 10
   10 10 10 10 10 10 10 10 10 10 24 24 23 23 23 23 23 23 23 23 23 23 24 24 10 
    10 10 10 10 10 10 10 10 10 24 23 23 23 23 28 28 28 28 28 23 23 23 23 24 10
     10 10 10 10 10 10 10 10 24 23 23 23 28 28 28 28 28 28 28 28 23 23 23 24 10 
      10 10 10 10 10 10 10 24 23 23 28 28 25 28 28 25 28 28 25 28 28 23 23 24 10
       10 10 10 10 10 10 24 23 23 28 28 28 28 27 27 27 27 28 28 28 28 23 23 24 10
        10 10 10 10 10 24 23 23 28 28 28 27 27 27 27 27 27 27 28 28 28 23 23 24 10 
         10 10 10 10 24 23 23 28 28 25 27 27 25 27 27 25 27 27 25 28 28 23 23 24 10
          10 10 10 24 23 23 28 28 28 27 27 27 27 27 27 27 27 27 28 28 28 23 23 24 10
           10 10 10 24 23 23 28 28 27 27 27 27 27 27 27 27 27 27 28 28 23 23 24 10 10
            10 10 24 23 23 28 25 28 27 25 27 27 25 27 27 25 27 28 25 28 23 23 24 10 10
	         10 10 24 23 23 28 28 27 27 27 27 27 27 27 27 27 27 28 28 23 23 24 10 10 10
	          10 24 23 23 28 28 28 27 27 27 27 27 27 27 27 27 28 28 28 23 23 24 10 10 10
	           10 24 23 23 28 28 25 27 27 25 27 27 25 27 27 25 28 28 23 23 24 10 10 10 10
	            10 24 23 23 28 28 28 27 27 27 27 27 27 27 28 28 28 23 23 24 10 10 10 10 10
		         10 24 23 23 28 28 28 28 27 27 27 27 28 28 28 28 23 23 24 10 10 10 10 10 10
		          10 24 23 23 28 28 25 28 28 25 28 28 25 28 28 23 23 24 10 10 10 10 10 10 10
		           10 24 23 23 23 28 28 28 28 28 28 28 28 23 23 23 24 10 10 10 10 10 10 10 10
		            10 24 23 23 23 23 28 28 28 28 28 23 23 23 23 24 10 10 10 10 10 10 10 10 10
        	         10 24 24 23 23 23 23 23 23 23 23 23 23 24 24 10 10 10 10 10 10 10 10 10 10
   		              10 10 24 24 23 23 23 23 23 23 23 24 24 10 10 10 10 10 10 10 10 10 10 10 10
		               10 10 10 24 24 24 24 24 24 24 24 10 10 10 10 10 10 10 10 10 10 10 10 10 10
		                10 10 10 10 10 10 10 10 10 10 10 10 10 10 10 10 10 10 10 10 10 10 10 10 10
					   
lat 3 2 0 0 25 25 16.2471 %layer 3 lattice
10 10 10 10 10 10 10 10 10 10 10 10 10 10 10 10 10 10 10 10 10 10 10 10 10 
 10 10 10 10 10 10 10 10 10 10 10 10 10 10 24 24 24 24 24 24 24 24 10 10 10 
  10 10 10 10 10 10 10 10 10 10 10 10 24 24 23 23 23 23 23 23 23 24 24 10 10
   10 10 10 10 10 10 10 10 10 10 24 24 23 23 23 23 23 23 23 23 23 23 24 24 10 
    10 10 10 10 10 10 10 10 10 24 23 23 23 23 38 38 38 38 38 23 23 23 23 24 10
     10 10 10 10 10 10 10 10 24 23 23 23 38 38 38 38 38 38 38 38 23 23 23 24 10 
      10 10 10 10 10 10 10 24 23 23 38 38 25 38 38 25 38 38 25 38 38 23 23 24 10
       10 10 10 10 10 10 24 23 23 38 38 38 38 37 37 37 37 38 38 38 38 23 23 24 10
        10 10 10 10 10 24 23 23 38 38 38 37 37 37 37 37 37 37 38 38 38 23 23 24 10 
         10 10 10 10 24 23 23 38 38 25 37 37 25 37 37 25 37 37 25 38 38 23 23 24 10
          10 10 10 24 23 23 38 38 38 37 37 37 37 37 37 37 37 37 38 38 38 23 23 24 10
           10 10 10 24 23 23 38 38 37 37 37 37 37 37 37 37 37 37 38 38 23 23 24 10 10
            10 10 24 23 23 38 25 38 37 25 37 37 25 37 37 25 37 38 25 38 23 23 24 10 10
	         10 10 24 23 23 38 38 37 37 37 37 37 37 37 37 37 37 38 38 23 23 24 10 10 10
	          10 24 23 23 38 38 38 37 37 37 37 37 37 37 37 37 38 38 38 23 23 24 10 10 10
	           10 24 23 23 38 38 25 37 37 25 37 37 25 37 37 25 38 38 23 23 24 10 10 10 10
	            10 24 23 23 38 38 38 37 37 37 37 37 37 37 38 38 38 23 23 24 10 10 10 10 10
		         10 24 23 23 38 38 38 38 37 37 37 37 38 38 38 38 23 23 24 10 10 10 10 10 10
		          10 24 23 23 38 38 25 38 38 25 38 38 25 38 38 23 23 24 10 10 10 10 10 10 10
		           10 24 23 23 23 38 38 38 38 38 38 38 38 23 23 23 24 10 10 10 10 10 10 10 10
		            10 24 23 23 23 23 38 38 38 38 38 23 23 23 23 24 10 10 10 10 10 10 10 10 10
        	         10 24 24 23 23 23 23 23 23 23 23 23 23 24 24 10 10 10 10 10 10 10 10 10 10
   		              10 10 24 24 23 23 23 23 23 23 23 24 24 10 10 10 10 10 10 10 10 10 10 10 10
		               10 10 10 24 24 24 24 24 24 24 24 10 10 10 10 10 10 10 10 10 10 10 10 10 10
		                10 10 10 10 10 10 10 10 10 10 10 10 10 10 10 10 10 10 10 10 10 10 10 10 10
					   
lat 4 2 0 0 25 25 16.2471 %layer 4 lattice
10 10 10 10 10 10 10 10 10 10 10 10 10 10 10 10 10 10 10 10 10 10 10 10 10 
 10 10 10 10 10 10 10 10 10 10 10 10 10 10 24 24 24 24 24 24 24 24 10 10 10 
  10 10 10 10 10 10 10 10 10 10 10 10 24 24 23 23 23 23 23 23 23 24 24 10 10
   10 10 10 10 10 10 10 10 10 10 24 24 23 23 23 23 23 23 23 23 23 23 24 24 10 
    10 10 10 10 10 10 10 10 10 24 23 23 23 23 48 48 48 48 48 23 23 23 23 24 10
     10 10 10 10 10 10 10 10 24 23 23 23 48 48 48 48 48 48 48 48 23 23 23 24 10 
      10 10 10 10 10 10 10 24 23 23 48 48 25 48 48 25 48 48 25 48 48 23 23 24 10
       10 10 10 10 10 10 24 23 23 48 48 48 48 47 47 47 47 48 48 48 48 23 23 24 10
        10 10 10 10 10 24 23 23 48 48 48 47 47 47 47 47 47 47 48 48 48 23 23 24 10 
         10 10 10 10 24 23 23 48 48 25 47 47 25 47 47 25 47 47 25 48 48 23 23 24 10
          10 10 10 24 23 23 48 48 48 47 47 47 47 47 47 47 47 47 48 48 48 23 23 24 10
           10 10 10 24 23 23 48 48 47 47 47 47 47 47 47 47 47 47 48 48 23 23 24 10 10
            10 10 24 23 23 48 25 48 47 25 47 47 25 47 47 25 47 48 25 48 23 23 24 10 10
	         10 10 24 23 23 48 48 47 47 47 47 47 47 47 47 47 47 48 48 23 23 24 10 10 10
	          10 24 23 23 48 48 48 47 47 47 47 47 47 47 47 47 48 48 48 23 23 24 10 10 10
	           10 24 23 23 48 48 25 47 47 25 47 47 25 47 47 25 48 48 23 23 24 10 10 10 10
	            10 24 23 23 48 48 48 47 47 47 47 47 47 47 48 48 48 23 23 24 10 10 10 10 10
		         10 24 23 23 48 48 48 48 47 47 47 47 48 48 48 48 23 23 24 10 10 10 10 10 10
		          10 24 23 23 48 48 25 48 48 25 48 48 25 48 48 23 23 24 10 10 10 10 10 10 10
		           10 24 23 23 23 48 48 48 48 48 48 48 48 23 23 23 24 10 10 10 10 10 10 10 10
		            10 24 23 23 23 23 48 48 48 48 48 23 23 23 23 24 10 10 10 10 10 10 10 10 10
        	         10 24 24 23 23 23 23 23 23 23 23 23 23 24 24 10 10 10 10 10 10 10 10 10 10
   		              10 10 24 24 23 23 23 23 23 23 23 24 24 10 10 10 10 10 10 10 10 10 10 10 10
		               10 10 10 24 24 24 24 24 24 24 24 10 10 10 10 10 10 10 10 10 10 10 10 10 10
		                10 10 10 10 10 10 10 10 10 10 10 10 10 10 10 10 10 10 10 10 10 10 10 10 10

lat 5 2 0 0 25 25 16.2471 %top lattice
10 10 10 10 10 10 10 10 10 10 10 10 10 10 10 10 10 10 10 10 10 10 10 10 10 
 10 10 10 10 10 10 10 10 10 10 10 10 10 10 24 24 24 24 24 24 24 24 10 10 10 
  10 10 10 10 10 10 10 10 10 10 10 10 24 24 23 23 23 23 23 23 23 24 24 10 10
   10 10 10 10 10 10 10 10 10 10 24 24 23 23 23 23 23 23 23 23 23 23 24 24 10 
    10 10 10 10 10 10 10 10 10 24 23 23 23 23 58 58 58 58 58 23 23 23 23 24 10
     10 10 10 10 10 10 10 10 24 23 23 23 58 58 58 58 58 58 58 58 23 23 23 24 10 
      10 10 10 10 10 10 10 24 23 23 58 58 25 58 58 25 58 58 25 58 58 23 23 24 10
       10 10 10 10 10 10 24 23 23 58 58 58 58 57 57 57 57 58 58 58 58 23 23 24 10
        10 10 10 10 10 24 23 23 58 58 58 57 57 57 57 57 57 57 58 58 58 23 23 24 10 
         10 10 10 10 24 23 23 58 58 25 57 57 25 57 57 25 57 57 25 58 58 23 23 24 10
          10 10 10 24 23 23 58 58 58 57 57 57 57 57 57 57 57 57 58 58 58 23 23 24 10
           10 10 10 24 23 23 58 58 57 57 57 57 57 57 57 57 57 57 58 58 23 23 24 10 10
            10 10 24 23 23 58 25 58 57 25 57 57 25 57 57 25 57 58 25 58 23 23 24 10 10
	         10 10 24 23 23 58 58 57 57 57 57 57 57 57 57 57 57 58 58 23 23 24 10 10 10
	          10 24 23 23 58 58 58 57 57 57 57 57 57 57 57 57 58 58 58 23 23 24 10 10 10
	           10 24 23 23 58 58 25 57 57 25 57 57 25 57 57 25 58 58 23 23 24 10 10 10 10
	            10 24 23 23 58 58 58 57 57 57 57 57 57 57 58 58 58 23 23 24 10 10 10 10 10
		         10 24 23 23 58 58 58 58 57 57 57 57 58 58 58 58 23 23 24 10 10 10 10 10 10
		          10 24 23 23 58 58 25 58 58 25 58 58 25 58 58 23 23 24 10 10 10 10 10 10 10
		           10 24 23 23 23 58 58 58 58 58 58 58 58 23 23 23 24 10 10 10 10 10 10 10 10
		            10 24 23 23 23 23 58 58 58 58 58 23 23 23 23 24 10 10 10 10 10 10 10 10 10
        	         10 24 24 23 23 23 23 23 23 23 23 23 23 24 24 10 10 10 10 10 10 10 10 10 10
   		              10 10 24 24 23 23 23 23 23 23 23 24 24 10 10 10 10 10 10 10 10 10 10 10 10
		               10 10 10 24 24 24 24 24 24 24 24 10 10 10 10 10 10 10 10 10 10 10 10 10 10
		                10 10 10 10 10 10 10 10 10 10 10 10 10 10 10 10 10 10 10 10 10 10 10 10 10
					   
lat 6 9 0 0 5 %stack
0.0   1
17.16 2
34.33 3
51.49 4
68.66 5

%----------------boundary surface (assembly pitch = 16.2471 cm)
surf 1 hexyprism .0 .0 165.0  0.0 85.82
%----------------cells
cell 1 0  fill 6  -1 %1000 -1001
cell 99 0 outside  1 %outside world